#Latitude, Longitude, Value
   90.000    0.000 2.5531724548e+02
   90.000    6.000 2.5531724548e+02
   90.000   12.000 2.5531724548e+02
   90.000   18.000 2.5531724548e+02
   90.000   24.000 2.5531724548e+02
   90.000   30.000 2.5531724548e+02
   90.000   36.000 2.5531724548e+02
   90.000   42.000 2.5531724548e+02
   90.000   48.000 2.5531724548e+02
   90.000   54.000 2.5531724548e+02
   90.000   60.000 2.5531724548e+02
   90.000   66.000 2.5531724548e+02
   90.000   72.000 2.5531724548e+02
   90.000   78.000 2.5531724548e+02
   90.000   84.000 2.5531724548e+02
   90.000   90.000 2.5531724548e+02
   90.000   96.000 2.5531724548e+02
   90.000  102.000 2.5531724548e+02
   90.000  108.000 2.5531724548e+02
   90.000  114.000 2.5531724548e+02
   90.000  120.000 2.5531724548e+02
   90.000  126.000 2.5531724548e+02
   90.000  132.000 2.5531724548e+02
   90.000  138.000 2.5531724548e+02
   90.000  144.000 2.5531724548e+02
   90.000  150.000 2.5531724548e+02
   90.000  156.000 2.5531724548e+02
   90.000  162.000 2.5531724548e+02
   90.000  168.000 2.5531724548e+02
   90.000  174.000 2.5531724548e+02
   90.000  180.000 2.5531724548e+02
   90.000  186.000 2.5531724548e+02
   90.000  192.000 2.5531724548e+02
   90.000  198.000 2.5531724548e+02
   90.000  204.000 2.5531724548e+02
   90.000  210.000 2.5531724548e+02
   90.000  216.000 2.5531724548e+02
   90.000  222.000 2.5531724548e+02
   90.000  228.000 2.5531724548e+02
   90.000  234.000 2.5531724548e+02
   90.000  240.000 2.5531724548e+02
   90.000  246.000 2.5531724548e+02
   90.000  252.000 2.5531724548e+02
   90.000  258.000 2.5531724548e+02
   90.000  264.000 2.5531724548e+02
   90.000  270.000 2.5531724548e+02
   90.000  276.000 2.5531724548e+02
   90.000  282.000 2.5531724548e+02
   90.000  288.000 2.5531724548e+02
   90.000  294.000 2.5531724548e+02
   90.000  300.000 2.5531724548e+02
   90.000  306.000 2.5531724548e+02
   90.000  312.000 2.5531724548e+02
   90.000  318.000 2.5531724548e+02
   90.000  324.000 2.5531724548e+02
   90.000  330.000 2.5531724548e+02
   90.000  336.000 2.5531724548e+02
   90.000  342.000 2.5531724548e+02
   90.000  348.000 2.5531724548e+02
   90.000  354.000 2.5531724548e+02
   84.000    0.000 2.5543247986e+02
   84.000    6.000 2.5586216736e+02
   84.000   12.000 2.5630455017e+02
   84.000   18.000 2.5674107361e+02
   84.000   24.000 2.5716099548e+02
   84.000   30.000 2.5756236267e+02
   84.000   36.000 2.5795884705e+02
   84.000   42.000 2.5837388611e+02
   84.000   48.000 2.5883872986e+02
   84.000   54.000 2.5937974548e+02
   84.000   60.000 2.6000865173e+02
   84.000   66.000 2.6070982361e+02
   84.000   72.000 2.6143540955e+02
   84.000   78.000 2.6211509705e+02
   84.000   84.000 2.6266783142e+02
   84.000   90.000 2.6302622986e+02
   84.000   96.000 2.6314830017e+02
   84.000  102.000 2.6302720642e+02
   84.000  108.000 2.6268931580e+02
   84.000  114.000 2.6218540955e+02
   84.000  120.000 2.6157994080e+02
   84.000  126.000 2.6093638611e+02
   84.000  132.000 2.6030552673e+02
   84.000  138.000 2.5971958923e+02
   84.000  144.000 2.5918931580e+02
   84.000  150.000 2.5870982361e+02
   84.000  156.000 2.5827037048e+02
   84.000  162.000 2.5785923767e+02
   84.000  168.000 2.5747642517e+02
   84.000  174.000 2.5712681580e+02
   84.000  180.000 2.5682408142e+02
   84.000  186.000 2.5657505798e+02
   84.000  192.000 2.5637974548e+02
   84.000  198.000 2.5622447205e+02
   84.000  204.000 2.5608287048e+02
   84.000  210.000 2.5592271423e+02
   84.000  216.000 2.5571177673e+02
   84.000  222.000 2.5542662048e+02
   84.000  228.000 2.5506138611e+02
   84.000  234.000 2.5462583923e+02
   84.000  240.000 2.5414634705e+02
   84.000  246.000 2.5365904236e+02
   84.000  252.000 2.5320298767e+02
   84.000  258.000 2.5281333923e+02
   84.000  264.000 2.5251646423e+02
   84.000  270.000 2.5232994080e+02
   84.000  276.000 2.5225865173e+02
   84.000  282.000 2.5229966736e+02
   84.000  288.000 2.5243931580e+02
   84.000  294.000 2.5265318298e+02
   84.000  300.000 2.5291099548e+02
   84.000  306.000 2.5317857361e+02
   84.000  312.000 2.5342955017e+02
   84.000  318.000 2.5364732361e+02
   84.000  324.000 2.5383287048e+02
   84.000  330.000 2.5400474548e+02
   84.000  336.000 2.5418833923e+02
   84.000  342.000 2.5441197205e+02
   84.000  348.000 2.5469322205e+02
   84.000  354.000 2.5503697205e+02
   78.000    0.000 2.5249400330e+02
   78.000    6.000 2.5300474548e+02
   78.000   12.000 2.5334849548e+02
   78.000   18.000 2.5351158142e+02
   78.000   24.000 2.5352330017e+02
   78.000   30.000 2.5341294861e+02
   78.000   36.000 2.5320494080e+02
   78.000   42.000 2.5296177673e+02
   78.000   48.000 2.5283872986e+02
   78.000   54.000 2.5305943298e+02
   78.000   60.000 2.5383091736e+02
   78.000   66.000 2.5520396423e+02
   78.000   72.000 2.5701353455e+02
   78.000   78.000 2.5891587830e+02
   78.000   84.000 2.6053111267e+02
   78.000   90.000 2.6159556580e+02
   78.000   96.000 2.6202037048e+02
   78.000  102.000 2.6186314392e+02
   78.000  108.000 2.6124205017e+02
   78.000  114.000 2.6029087830e+02
   78.000  120.000 2.5915904236e+02
   78.000  126.000 2.5801451111e+02
   78.000  132.000 2.5701158142e+02
   78.000  138.000 2.5623521423e+02
   78.000  144.000 2.5566490173e+02
   78.000  150.000 2.5519712830e+02
   78.000  156.000 2.5471372986e+02
   78.000  162.000 2.5415513611e+02
   78.000  168.000 2.5355552673e+02
   78.000  174.000 2.5303501892e+02
   78.000  180.000 2.5274595642e+02
   78.000  186.000 2.5280259705e+02
   78.000  192.000 2.5322935486e+02
   78.000  198.000 2.5394322205e+02
   78.000  204.000 2.5477525330e+02
   78.000  210.000 2.5551841736e+02
   78.000  216.000 2.5598033142e+02
   78.000  222.000 2.5602915955e+02
   78.000  228.000 2.5562876892e+02
   78.000  234.000 2.5483775330e+02
   78.000  240.000 2.5378697205e+02
   78.000  246.000 2.5264732361e+02
   78.000  252.000 2.5159458923e+02
   78.000  258.000 2.5076841736e+02
   78.000  264.000 2.5023521423e+02
   78.000  270.000 2.4998814392e+02
   78.000  276.000 2.4998130798e+02
   78.000  282.000 2.5017564392e+02
   78.000  288.000 2.5054673767e+02
   78.000  294.000 2.5104771423e+02
   78.000  300.000 2.5157896423e+02
   78.000  306.000 2.5200474548e+02
   78.000  312.000 2.5221080017e+02
   78.000  318.000 2.5215318298e+02
   78.000  324.000 2.5187974548e+02
   78.000  330.000 2.5151841736e+02
   78.000  336.000 2.5123814392e+02
   78.000  342.000 2.5118638611e+02
   78.000  348.000 2.5143052673e+02
   78.000  354.000 2.5191587830e+02
   72.000    0.000 2.6095396423e+02
   72.000    6.000 2.6124888611e+02
   72.000   12.000 2.6067271423e+02
   72.000   18.000 2.5969224548e+02
   72.000   24.000 2.5887974548e+02
   72.000   30.000 2.5846763611e+02
   72.000   36.000 2.5823716736e+02
   72.000   42.000 2.5781236267e+02
   72.000   48.000 2.5709068298e+02
   72.000   54.000 2.5643638611e+02
   72.000   60.000 2.5645298767e+02
   72.000   66.000 2.5747642517e+02
   72.000   72.000 2.5920787048e+02
   72.000   78.000 2.6080943298e+02
   72.000   84.000 2.6148033142e+02
   72.000   90.000 2.6106822205e+02
   72.000   96.000 2.6015220642e+02
   72.000  102.000 2.5945689392e+02
   72.000  108.000 2.5916392517e+02
   72.000  114.000 2.5884068298e+02
   72.000  120.000 2.5801646423e+02
   72.000  126.000 2.5672154236e+02
   72.000  132.000 2.5543247986e+02
   72.000  138.000 2.5457310486e+02
   72.000  144.000 2.5417369080e+02
   72.000  150.000 2.5394322205e+02
   72.000  156.000 2.5353111267e+02
   72.000  162.000 2.5275279236e+02
   72.000  168.000 2.5171568298e+02
   72.000  174.000 2.5082896423e+02
   72.000  180.000 2.5061997986e+02
   72.000  186.000 2.5142564392e+02
   72.000  192.000 2.5319908142e+02
   72.000  198.000 2.5557798767e+02
   72.000  204.000 2.5811021423e+02
   72.000  210.000 2.6037583923e+02
   72.000  216.000 2.6202232361e+02
   72.000  222.000 2.6282994080e+02
   72.000  228.000 2.6277232361e+02
   72.000  234.000 2.6193931580e+02
   72.000  240.000 2.6038755798e+02
   72.000  246.000 2.5818247986e+02
   72.000  252.000 2.5563755798e+02
   72.000  258.000 2.5332115173e+02
   72.000  264.000 2.5166197205e+02
   72.000  270.000 2.5061021423e+02
   72.000  276.000 2.4984751892e+02
   72.000  282.000 2.4931431580e+02
   72.000  288.000 2.4931236267e+02
   72.000  294.000 2.5006919861e+02
   72.000  300.000 2.5136119080e+02
   72.000  306.000 2.5270005798e+02
   72.000  312.000 2.5378501892e+02
   72.000  318.000 2.5463462830e+02
   72.000  324.000 2.5534165955e+02
   72.000  330.000 2.5592271423e+02
   72.000  336.000 2.5645689392e+02
   72.000  342.000 2.5720396423e+02
   72.000  348.000 2.5838462830e+02
   72.000  354.000 2.5982310486e+02
   66.000    0.000 2.6911607361e+02
   66.000    6.000 2.6794908142e+02
   66.000   12.000 2.6527525330e+02
   66.000   18.000 2.6254576111e+02
   66.000   24.000 2.6106724548e+02
   66.000   30.000 2.6121470642e+02
   66.000   36.000 2.6240415955e+02
   66.000   42.000 2.6361216736e+02
   66.000   48.000 2.6410533142e+02
   66.000   54.000 2.6393833923e+02
   66.000   60.000 2.6379185486e+02
   66.000   66.000 2.6429087830e+02
   66.000   72.000 2.6530259705e+02
   66.000   78.000 2.6572642517e+02
   66.000   84.000 2.6425572205e+02
   66.000   90.000 2.6087681580e+02
   66.000   96.000 2.5749205017e+02
   66.000  102.000 2.5633287048e+02
   66.000  108.000 2.5753404236e+02
   66.000  114.000 2.5887876892e+02
   66.000  120.000 2.5824790955e+02
   66.000  126.000 2.5578306580e+02
   66.000  132.000 2.5325376892e+02
   66.000  138.000 2.5193833923e+02
   66.000  144.000 2.5178794861e+02
   66.000  150.000 2.5219810486e+02
   66.000  156.000 2.5266099548e+02
   66.000  162.000 2.5269224548e+02
   66.000  168.000 2.5199986267e+02
   66.000  174.000 2.5108482361e+02
   66.000  180.000 2.5113755798e+02
   66.000  186.000 2.5291880798e+02
   66.000  192.000 2.5596275330e+02
   66.000  198.000 2.5916587830e+02
   66.000  204.000 2.6192759705e+02
   66.000  210.000 2.6432017517e+02
   66.000  216.000 2.6637681580e+02
   66.000  222.000 2.6792759705e+02
   66.000  228.000 2.6912388611e+02
   66.000  234.000 2.7023521423e+02
   66.000  240.000 2.7055455017e+02
   66.000  246.000 2.6847740173e+02
   66.000  252.000 2.6355357361e+02
   66.000  258.000 2.5770396423e+02
   66.000  264.000 2.5325083923e+02
   66.000  270.000 2.5028306580e+02
   66.000  276.000 2.4731333923e+02
   66.000  282.000 2.4423814392e+02
   66.000  288.000 2.4296372986e+02
   66.000  294.000 2.4477427673e+02
   66.000  300.000 2.4844712830e+02
   66.000  306.000 2.5180845642e+02
   66.000  312.000 2.5426841736e+02
   66.000  318.000 2.5684947205e+02
   66.000  324.000 2.6007798767e+02
   66.000  330.000 2.6302134705e+02
   66.000  336.000 2.6470982361e+02
   66.000  342.000 2.6558970642e+02
   66.000  348.000 2.6679478455e+02
   66.000  354.000 2.6838560486e+02
   60.000    0.000 2.7226158142e+02
   60.000    6.000 2.7058775330e+02
   60.000   12.000 2.6787290955e+02
   60.000   18.000 2.6611119080e+02
   60.000   24.000 2.6560826111e+02
   60.000   30.000 2.6567759705e+02
   60.000   36.000 2.6600962830e+02
   60.000   42.000 2.6649693298e+02
   60.000   48.000 2.6679576111e+02
   60.000   54.000 2.6675865173e+02
   60.000   60.000 2.6652720642e+02
   60.000   66.000 2.6625083923e+02
   60.000   72.000 2.6616978455e+02
   60.000   78.000 2.6621372986e+02
   60.000   84.000 2.6528013611e+02
   60.000   90.000 2.6237681580e+02
   60.000   96.000 2.5881724548e+02
   60.000  102.000 2.5742369080e+02
   60.000  108.000 2.5869419861e+02
   60.000  114.000 2.5951939392e+02
   60.000  120.000 2.5714146423e+02
   60.000  126.000 2.5288267517e+02
   60.000  132.000 2.5013462830e+02
   60.000  138.000 2.4997056580e+02
   60.000  144.000 2.5094810486e+02
   60.000  150.000 2.5211216736e+02
   60.000  156.000 2.5365904236e+02
   60.000  162.000 2.5511119080e+02
   60.000  168.000 2.5526744080e+02
   60.000  174.000 2.5428599548e+02
   60.000  180.000 2.5415611267e+02
   60.000  186.000 2.5638755798e+02
   60.000  192.000 2.6006724548e+02
   60.000  198.000 2.6296470642e+02
   60.000  204.000 2.6417271423e+02
   60.000  210.000 2.6472447205e+02
   60.000  216.000 2.6561119080e+02
   60.000  222.000 2.6665904236e+02
   60.000  228.000 2.6805650330e+02
   60.000  234.000 2.7099888611e+02
   60.000  240.000 2.7483775330e+02
   60.000  246.000 2.7553111267e+02
   60.000  252.000 2.7022447205e+02
   60.000  258.000 2.6210337830e+02
   60.000  264.000 2.5661900330e+02
   60.000  270.000 2.5387583923e+02
   60.000  276.000 2.4969126892e+02
   60.000  282.000 2.4378990173e+02
   60.000  288.000 2.4138267517e+02
   60.000  294.000 2.4562290955e+02
   60.000  300.000 2.5299693298e+02
   60.000  306.000 2.5798033142e+02
   60.000  312.000 2.5944908142e+02
   60.000  318.000 2.6043736267e+02
   60.000  324.000 2.6292955017e+02
   60.000  330.000 2.6546470642e+02
   60.000  336.000 2.6634751892e+02
   60.000  342.000 2.6671568298e+02
   60.000  348.000 2.6855357361e+02
   60.000  354.000 2.7124888611e+02
   54.000    0.000 2.7389927673e+02
   54.000    6.000 2.7133677673e+02
   54.000   12.000 2.6871080017e+02
   54.000   18.000 2.6836705017e+02
   54.000   24.000 2.6910728455e+02
   54.000   30.000 2.6868736267e+02
   54.000   36.000 2.6770982361e+02
   54.000   42.000 2.6755552673e+02
   54.000   48.000 2.6773521423e+02
   54.000   54.000 2.6780064392e+02
   54.000   60.000 2.6811021423e+02
   54.000   66.000 2.6807896423e+02
   54.000   72.000 2.6683482361e+02
   54.000   78.000 2.6492759705e+02
   54.000   84.000 2.6337681580e+02
   54.000   90.000 2.6205259705e+02
   54.000   96.000 2.6053111267e+02
   54.000  102.000 2.5960533142e+02
   54.000  108.000 2.5988853455e+02
   54.000  114.000 2.5949400330e+02
   54.000  120.000 2.5632603455e+02
   54.000  126.000 2.5226060486e+02
   54.000  132.000 2.5096470642e+02
   54.000  138.000 2.5251744080e+02
   54.000  144.000 2.5427134705e+02
   54.000  150.000 2.5542271423e+02
   54.000  156.000 2.5699009705e+02
   54.000  162.000 2.5886997986e+02
   54.000  168.000 2.5991001892e+02
   54.000  174.000 2.6003697205e+02
   54.000  180.000 2.6054869080e+02
   54.000  186.000 2.6268540955e+02
   54.000  192.000 2.6637388611e+02
   54.000  198.000 2.6985142517e+02
   54.000  204.000 2.7086607361e+02
   54.000  210.000 2.6919224548e+02
   54.000  216.000 2.6717466736e+02
   54.000  222.000 2.6686705017e+02
   54.000  228.000 2.6803013611e+02
   54.000  234.000 2.6991685486e+02
   54.000  240.000 2.7239634705e+02
   54.000  246.000 2.7329087830e+02
   54.000  252.000 2.6901744080e+02
   54.000  258.000 2.6110142517e+02
   54.000  264.000 2.5564341736e+02
   54.000  270.000 2.5348619080e+02
   54.000  276.000 2.4942271423e+02
   54.000  282.000 2.4293247986e+02
   54.000  288.000 2.4056724548e+02
   54.000  294.000 2.4624595642e+02
   54.000  300.000 2.5598619080e+02
   54.000  306.000 2.6318052673e+02
   54.000  312.000 2.6524302673e+02
   54.000  318.000 2.6433482361e+02
   54.000  324.000 2.6331431580e+02
   54.000  330.000 2.6289830017e+02
   54.000  336.000 2.6332896423e+02
   54.000  342.000 2.6577525330e+02
   54.000  348.000 2.7004869080e+02
   54.000  354.000 2.7355552673e+02
   48.000    0.000 2.7459947205e+02
   48.000    6.000 2.7236119080e+02
   48.000   12.000 2.6945298767e+02
   48.000   18.000 2.6882017517e+02
   48.000   24.000 2.6994615173e+02
   48.000   30.000 2.6985240173e+02
   48.000   36.000 2.6974400330e+02
   48.000   42.000 2.7133872986e+02
   48.000   48.000 2.7277915955e+02
   48.000   54.000 2.7285728455e+02
   48.000   60.000 2.7250474548e+02
   48.000   66.000 2.7227915955e+02
   48.000   72.000 2.7124009705e+02
   48.000   78.000 2.6806431580e+02
   48.000   84.000 2.6401841736e+02
   48.000   90.000 2.6180162048e+02
   48.000   96.000 2.6123814392e+02
   48.000  102.000 2.6108677673e+02
   48.000  108.000 2.6208189392e+02
   48.000  114.000 2.6312583923e+02
   48.000  120.000 2.6098814392e+02
   48.000  126.000 2.5681724548e+02
   48.000  132.000 2.5472935486e+02
   48.000  138.000 2.5523326111e+02
   48.000  144.000 2.5637388611e+02
   48.000  150.000 2.5759556580e+02
   48.000  156.000 2.5909849548e+02
   48.000  162.000 2.6053697205e+02
   48.000  168.000 2.6184263611e+02
   48.000  174.000 2.6338853455e+02
   48.000  180.000 2.6530162048e+02
   48.000  186.000 2.6780747986e+02
   48.000  192.000 2.7176939392e+02
   48.000  198.000 2.7704771423e+02
   48.000  204.000 2.8001548767e+02
   48.000  210.000 2.7677427673e+02
   48.000  216.000 2.7016490173e+02
   48.000  222.000 2.6809068298e+02
   48.000  228.000 2.7204771423e+02
   48.000  234.000 2.7456919861e+02
   48.000  240.000 2.7218736267e+02
   48.000  246.000 2.6900279236e+02
   48.000  252.000 2.6546372986e+02
   48.000  258.000 2.5952427673e+02
   48.000  264.000 2.5456529236e+02
   48.000  270.000 2.5284361267e+02
   48.000  276.000 2.5106138611e+02
   48.000  282.000 2.4798521423e+02
   48.000  288.000 2.4708872986e+02
   48.000  294.000 2.5161997986e+02
   48.000  300.000 2.6066001892e+02
   48.000  306.000 2.6931822205e+02
   48.000  312.000 2.7324400330e+02
   48.000  318.000 2.7220103455e+02
   48.000  324.000 2.6854673767e+02
   48.000  330.000 2.6531333923e+02
   48.000  336.000 2.6587681580e+02
   48.000  342.000 2.7047544861e+02
   48.000  348.000 2.7462681580e+02
   48.000  354.000 2.7552525330e+02
   42.000    0.000 2.7811705017e+02
   42.000    6.000 2.7673130798e+02
   42.000   12.000 2.7392857361e+02
   42.000   18.000 2.7316001892e+02
   42.000   24.000 2.7393638611e+02
   42.000   30.000 2.7396372986e+02
   42.000   36.000 2.7457603455e+02
   42.000   42.000 2.7592173767e+02
   42.000   48.000 2.7759361267e+02
   42.000   54.000 2.7972154236e+02
   42.000   60.000 2.7924009705e+02
   42.000   66.000 2.7638755798e+02
   42.000   72.000 2.7504673767e+02
   42.000   78.000 2.7323521423e+02
   42.000   84.000 2.6951646423e+02
   42.000   90.000 2.6709654236e+02
   42.000   96.000 2.6567955017e+02
   42.000  102.000 2.6431138611e+02
   42.000  108.000 2.6603111267e+02
   42.000  114.000 2.6915904236e+02
   42.000  120.000 2.6774205017e+02
   42.000  126.000 2.6352232361e+02
   42.000  132.000 2.6131529236e+02
   42.000  138.000 2.6124009705e+02
   42.000  144.000 2.6187681580e+02
   42.000  150.000 2.6237681580e+02
   42.000  156.000 2.6295005798e+02
   42.000  162.000 2.6396470642e+02
   42.000  168.000 2.6524400330e+02
   42.000  174.000 2.6663072205e+02
   42.000  180.000 2.6908384705e+02
   42.000  186.000 2.7342076111e+02
   42.000  192.000 2.7850962830e+02
   42.000  198.000 2.8326451111e+02
   42.000  204.000 2.8563365173e+02
   42.000  210.000 2.8199205017e+02
   42.000  216.000 2.7348033142e+02
   42.000  222.000 2.6918931580e+02
   42.000  228.000 2.7402915955e+02
   42.000  234.000 2.7854283142e+02
   42.000  240.000 2.7586021423e+02
   42.000  246.000 2.7207505798e+02
   42.000  252.000 2.6884361267e+02
   42.000  258.000 2.6369615173e+02
   42.000  264.000 2.6094322205e+02
   42.000  270.000 2.6137876892e+02
   42.000  276.000 2.6135142517e+02
   42.000  282.000 2.6109068298e+02
   42.000  288.000 2.6157896423e+02
   42.000  294.000 2.6508091736e+02
   42.000  300.000 2.7258872986e+02
   42.000  306.000 2.7856822205e+02
   42.000  312.000 2.7969224548e+02
   42.000  318.000 2.7877427673e+02
   42.000  324.000 2.7635435486e+02
   42.000  330.000 2.7231138611e+02
   42.000  336.000 2.7159263611e+02
   42.000  342.000 2.7585240173e+02
   42.000  348.000 2.7906138611e+02
   42.000  354.000 2.7873521423e+02
   36.000    0.000 2.8147056580e+02
   36.000    6.000 2.7951841736e+02
   36.000   12.000 2.7797837830e+02
   36.000   18.000 2.7857212830e+02
   36.000   24.000 2.7787193298e+02
   36.000   30.000 2.7689146423e+02
   36.000   36.000 2.7761412048e+02
   36.000   42.000 2.7781724548e+02
   36.000   48.000 2.7951646423e+02
   36.000   54.000 2.8376060486e+02
   36.000   60.000 2.8304673767e+02
   36.000   66.000 2.7815611267e+02
   36.000   72.000 2.7784654236e+02
   36.000   78.000 2.7808091736e+02
   36.000   84.000 2.7568540955e+02
   36.000   90.000 2.7505943298e+02
   36.000   96.000 2.7464927673e+02
   36.000  102.000 2.7231333923e+02
   36.000  108.000 2.7230650330e+02
   36.000  114.000 2.7437974548e+02
   36.000  120.000 2.7283384705e+02
   36.000  126.000 2.7036509705e+02
   36.000  132.000 2.6935533142e+02
   36.000  138.000 2.6936997986e+02
   36.000  144.000 2.7043247986e+02
   36.000  150.000 2.6975865173e+02
   36.000  156.000 2.6931040955e+02
   36.000  162.000 2.7111705017e+02
   36.000  168.000 2.7366001892e+02
   36.000  174.000 2.7567564392e+02
   36.000  180.000 2.7804869080e+02
   36.000  186.000 2.8182017517e+02
   36.000  192.000 2.8446958923e+02
   36.000  198.000 2.8532994080e+02
   36.000  204.000 2.8478990173e+02
   36.000  210.000 2.8170494080e+02
   36.000  216.000 2.7633970642e+02
   36.000  222.000 2.7297935486e+02
   36.000  228.000 2.7608091736e+02
   36.000  234.000 2.8050474548e+02
   36.000  240.000 2.8157115173e+02
   36.000  246.000 2.8276158142e+02
   36.000  252.000 2.8073716736e+02
   36.000  258.000 2.7434165955e+02
   36.000  264.000 2.7319712830e+02
   36.000  270.000 2.7491197205e+02
   36.000  276.000 2.7351841736e+02
   36.000  282.000 2.7414439392e+02
   36.000  288.000 2.7651060486e+02
   36.000  294.000 2.7916001892e+02
   36.000  300.000 2.8319224548e+02
   36.000  306.000 2.8403990173e+02
   36.000  312.000 2.8175767517e+02
   36.000  318.000 2.8166783142e+02
   36.000  324.000 2.8204576111e+02
   36.000  330.000 2.7998130798e+02
   36.000  336.000 2.7928501892e+02
   36.000  342.000 2.8114634705e+02
   36.000  348.000 2.8230064392e+02
   36.000  354.000 2.8209361267e+02
   30.000    0.000 2.8428208923e+02
   30.000    6.000 2.8209263611e+02
   30.000   12.000 2.8009849548e+02
   30.000   18.000 2.8028697205e+02
   30.000   24.000 2.7842662048e+02
   30.000   30.000 2.7718736267e+02
   30.000   36.000 2.7739830017e+02
   30.000   42.000 2.7993931580e+02
   30.000   48.000 2.8594322205e+02
   30.000   54.000 2.8916099548e+02
   30.000   60.000 2.8573423767e+02
   30.000   66.000 2.8164634705e+02
   30.000   72.000 2.8442076111e+02
   30.000   78.000 2.8586997986e+02
   30.000   84.000 2.8319126892e+02
   30.000   90.000 2.8254771423e+02
   30.000   96.000 2.8316880798e+02
   30.000  102.000 2.8058580017e+02
   30.000  108.000 2.7710533142e+02
   30.000  114.000 2.7730552673e+02
   30.000  120.000 2.7614341736e+02
   30.000  126.000 2.7519908142e+02
   30.000  132.000 2.7443052673e+02
   30.000  138.000 2.7413072205e+02
   30.000  144.000 2.7628013611e+02
   30.000  150.000 2.7584947205e+02
   30.000  156.000 2.7693540955e+02
   30.000  162.000 2.8010630798e+02
   30.000  168.000 2.8230259705e+02
   30.000  174.000 2.8366880798e+02
   30.000  180.000 2.8457701111e+02
   30.000  186.000 2.8593443298e+02
   30.000  192.000 2.8552427673e+02
   30.000  198.000 2.8524107361e+02
   30.000  204.000 2.8539634705e+02
   30.000  210.000 2.8336997986e+02
   30.000  216.000 2.8035728455e+02
   30.000  222.000 2.7879966736e+02
   30.000  228.000 2.8068736267e+02
   30.000  234.000 2.8362876892e+02
   30.000  240.000 2.8519126892e+02
   30.000  246.000 2.8818247986e+02
   30.000  252.000 2.8975083923e+02
   30.000  258.000 2.8551060486e+02
   30.000  264.000 2.8380943298e+02
   30.000  270.000 2.8563072205e+02
   30.000  276.000 2.8445298767e+02
   30.000  282.000 2.8470591736e+02
   30.000  288.000 2.8587290955e+02
   30.000  294.000 2.8561705017e+02
   30.000  300.000 2.8539634705e+02
   30.000  306.000 2.8399009705e+02
   30.000  312.000 2.8273814392e+02
   30.000  318.000 2.8300181580e+02
   30.000  324.000 2.8287095642e+02
   30.000  330.000 2.8260728455e+02
   30.000  336.000 2.8435728455e+02
   30.000  342.000 2.8532212830e+02
   30.000  348.000 2.8492955017e+02
   30.000  354.000 2.8465611267e+02
   24.000    0.000 2.8887779236e+02
   24.000    6.000 2.8678794861e+02
   24.000   12.000 2.8263951111e+02
   24.000   18.000 2.8152134705e+02
   24.000   24.000 2.7848814392e+02
   24.000   30.000 2.7815025330e+02
   24.000   36.000 2.7912779236e+02
   24.000   42.000 2.8432798767e+02
   24.000   48.000 2.9286607361e+02
   24.000   54.000 2.9317076111e+02
   24.000   60.000 2.9045494080e+02
   24.000   66.000 2.8927915955e+02
   24.000   72.000 2.9127330017e+02
   24.000   78.000 2.9080845642e+02
   24.000   84.000 2.8781431580e+02
   24.000   90.000 2.8643052673e+02
   24.000   96.000 2.8726841736e+02
   24.000  102.000 2.8541197205e+02
   24.000  108.000 2.8052525330e+02
   24.000  114.000 2.8151158142e+02
   24.000  120.000 2.8054185486e+02
   24.000  126.000 2.7947349548e+02
   24.000  132.000 2.8056333923e+02
   24.000  138.000 2.8109654236e+02
   24.000  144.000 2.8300962830e+02
   24.000  150.000 2.8300279236e+02
   24.000  156.000 2.8529380798e+02
   24.000  162.000 2.8727037048e+02
   24.000  168.000 2.8738951111e+02
   24.000  174.000 2.8716978455e+02
   24.000  180.000 2.8631431580e+02
   24.000  186.000 2.8683091736e+02
   24.000  192.000 2.8618247986e+02
   24.000  198.000 2.8608482361e+02
   24.000  204.000 2.8680552673e+02
   24.000  210.000 2.8540122986e+02
   24.000  216.000 2.8290611267e+02
   24.000  222.000 2.8208189392e+02
   24.000  228.000 2.8356626892e+02
   24.000  234.000 2.8635044861e+02
   24.000  240.000 2.8831333923e+02
   24.000  246.000 2.8959947205e+02
   24.000  252.000 2.9396568298e+02
   24.000  258.000 2.9391294861e+02
   24.000  264.000 2.8929087830e+02
   24.000  270.000 2.8934654236e+02
   24.000  276.000 2.8952720642e+02
   24.000  282.000 2.8883970642e+02
   24.000  288.000 2.8758872986e+02
   24.000  294.000 2.8621958923e+02
   24.000  300.000 2.8562681580e+02
   24.000  306.000 2.8415025330e+02
   24.000  312.000 2.8405357361e+02
   24.000  318.000 2.8566978455e+02
   24.000  324.000 2.8630064392e+02
   24.000  330.000 2.8558970642e+02
   24.000  336.000 2.8687193298e+02
   24.000  342.000 2.8816587830e+02
   24.000  348.000 2.8924888611e+02
   24.000  354.000 2.8903892517e+02
   18.000    0.000 2.9198423767e+02
   18.000    6.000 2.8986314392e+02
   18.000   12.000 2.8704673767e+02
   18.000   18.000 2.8866001892e+02
   18.000   24.000 2.8435630798e+02
   18.000   30.000 2.8435826111e+02
   18.000   36.000 2.8763072205e+02
   18.000   42.000 2.9121958923e+02
   18.000   48.000 2.9560923767e+02
   18.000   54.000 2.9381333923e+02
   18.000   60.000 2.9313560486e+02
   18.000   66.000 2.9236021423e+02
   18.000   72.000 2.9252720642e+02
   18.000   78.000 2.9133580017e+02
   18.000   84.000 2.8955357361e+02
   18.000   90.000 2.8868736267e+02
   18.000   96.000 2.8938365173e+02
   18.000  102.000 2.8872447205e+02
   18.000  108.000 2.8470201111e+02
   18.000  114.000 2.8625572205e+02
   18.000  120.000 2.8539830017e+02
   18.000  126.000 2.8434165955e+02
   18.000  132.000 2.8667271423e+02
   18.000  138.000 2.8672740173e+02
   18.000  144.000 2.8670396423e+02
   18.000  150.000 2.8714341736e+02
   18.000  156.000 2.8913951111e+02
   18.000  162.000 2.8943247986e+02
   18.000  168.000 2.8903111267e+02
   18.000  174.000 2.8879869080e+02
   18.000  180.000 2.8816294861e+02
   18.000  186.000 2.8834458923e+02
   18.000  192.000 2.8764439392e+02
   18.000  198.000 2.8693247986e+02
   18.000  204.000 2.8642271423e+02
   18.000  210.000 2.8591099548e+02
   18.000  216.000 2.8484849548e+02
   18.000  222.000 2.8546080017e+02
   18.000  228.000 2.8742369080e+02
   18.000  234.000 2.8909947205e+02
   18.000  240.000 2.9151939392e+02
   18.000  246.000 2.9128111267e+02
   18.000  252.000 2.9358970642e+02
   18.000  258.000 2.9541783142e+02
   18.000  264.000 2.9212290955e+02
   18.000  270.000 2.9149888611e+02
   18.000  276.000 2.9023326111e+02
   18.000  282.000 2.9014830017e+02
   18.000  288.000 2.8965025330e+02
   18.000  294.000 2.8757896423e+02
   18.000  300.000 2.8705064392e+02
   18.000  306.000 2.8510630798e+02
   18.000  312.000 2.8470982361e+02
   18.000  318.000 2.8804283142e+02
   18.000  324.000 2.9078111267e+02
   18.000  330.000 2.8978990173e+02
   18.000  336.000 2.9040220642e+02
   18.000  342.000 2.9194224548e+02
   18.000  348.000 2.9410044861e+02
   18.000  354.000 2.9326255798e+02
   12.000    0.000 2.9484068298e+02
   12.000    6.000 2.9299009705e+02
   12.000   12.000 2.9214244080e+02
   12.000   18.000 2.9588462830e+02
   12.000   24.000 2.9312388611e+02
   12.000   30.000 2.9287290955e+02
   12.000   36.000 2.9447251892e+02
   12.000   42.000 2.9398716736e+02
   12.000   48.000 2.9397642517e+02
   12.000   54.000 2.9284654236e+02
   12.000   60.000 2.9293150330e+02
   12.000   66.000 2.9183091736e+02
   12.000   72.000 2.9255552673e+02
   12.000   78.000 2.9151939392e+02
   12.000   84.000 2.9046958923e+02
   12.000   90.000 2.9042466736e+02
   12.000   96.000 2.9016099548e+02
   12.000  102.000 2.8982994080e+02
   12.000  108.000 2.8820494080e+02
   12.000  114.000 2.8900572205e+02
   12.000  120.000 2.8892173767e+02
   12.000  126.000 2.8846177673e+02
   12.000  132.000 2.8921080017e+02
   12.000  138.000 2.8901646423e+02
   12.000  144.000 2.8875865173e+02
   12.000  150.000 2.8927232361e+02
   12.000  156.000 2.9017271423e+02
   12.000  162.000 2.9058091736e+02
   12.000  168.000 2.9076255798e+02
   12.000  174.000 2.9034263611e+02
   12.000  180.000 2.8991783142e+02
   12.000  186.000 2.9005650330e+02
   12.000  192.000 2.9011509705e+02
   12.000  198.000 2.8973326111e+02
   12.000  204.000 2.8874009705e+02
   12.000  210.000 2.8894322205e+02
   12.000  216.000 2.8878111267e+02
   12.000  222.000 2.8914537048e+02
   12.000  228.000 2.9095689392e+02
   12.000  234.000 2.9063755798e+02
   12.000  240.000 2.9147544861e+02
   12.000  246.000 2.9126255798e+02
   12.000  252.000 2.9103501892e+02
   12.000  258.000 2.9214048767e+02
   12.000  264.000 2.9241099548e+02
   12.000  270.000 2.9349497986e+02
   12.000  276.000 2.9139830017e+02
   12.000  282.000 2.9224693298e+02
   12.000  288.000 2.9268443298e+02
   12.000  294.000 2.9000865173e+02
   12.000  300.000 2.8816392517e+02
   12.000  306.000 2.8565611267e+02
   12.000  312.000 2.8650083923e+02
   12.000  318.000 2.9024693298e+02
   12.000  324.000 2.9319908142e+02
   12.000  330.000 2.9288365173e+02
   12.000  336.000 2.9361119080e+02
   12.000  342.000 2.9450865173e+02
   12.000  348.000 2.9640025330e+02
   12.000  354.000 2.9626548767e+02
    6.000    0.000 2.9471568298e+02
    6.000    6.000 2.9428404236e+02
    6.000   12.000 2.9445884705e+02
    6.000   18.000 2.9641490173e+02
    6.000   24.000 2.9598912048e+02
    6.000   30.000 2.9606236267e+02
    6.000   36.000 2.9533580017e+02
    6.000   42.000 2.9455650330e+02
    6.000   48.000 2.9291001892e+02
    6.000   54.000 2.9129673767e+02
    6.000   60.000 2.9161216736e+02
    6.000   66.000 2.9185728455e+02
    6.000   72.000 2.9268345642e+02
    6.000   78.000 2.9128697205e+02
    6.000   84.000 2.9070396423e+02
    6.000   90.000 2.9134361267e+02
    6.000   96.000 2.9101548767e+02
    6.000  102.000 2.9020591736e+02
    6.000  108.000 2.9034556580e+02
    6.000  114.000 2.9018736267e+02
    6.000  120.000 2.8999205017e+02
    6.000  126.000 2.9009849548e+02
    6.000  132.000 2.8987876892e+02
    6.000  138.000 2.9032505798e+02
    6.000  144.000 2.9068345642e+02
    6.000  150.000 2.9109165955e+02
    6.000  156.000 2.9124986267e+02
    6.000  162.000 2.9129283142e+02
    6.000  168.000 2.9162681580e+02
    6.000  174.000 2.9201158142e+02
    6.000  180.000 2.9132505798e+02
    6.000  186.000 2.9160728455e+02
    6.000  192.000 2.9184849548e+02
    6.000  198.000 2.9162779236e+02
    6.000  204.000 2.9157798767e+02
    6.000  210.000 2.9128013611e+02
    6.000  216.000 2.9099497986e+02
    6.000  222.000 2.9042564392e+02
    6.000  228.000 2.9099302673e+02
    6.000  234.000 2.9049205017e+02
    6.000  240.000 2.9065708923e+02
    6.000  246.000 2.9077915955e+02
    6.000  252.000 2.9062876892e+02
    6.000  258.000 2.9086412048e+02
    6.000  264.000 2.9116294861e+02
    6.000  270.000 2.9238560486e+02
    6.000  276.000 2.9200767517e+02
    6.000  282.000 2.9333775330e+02
    6.000  288.000 2.9369908142e+02
    6.000  294.000 2.9304283142e+02
    6.000  300.000 2.9048521423e+02
    6.000  306.000 2.8723326111e+02
    6.000  312.000 2.8880747986e+02
    6.000  318.000 2.9077427673e+02
    6.000  324.000 2.9251451111e+02
    6.000  330.000 2.9269224548e+02
    6.000  336.000 2.9291587830e+02
    6.000  342.000 2.9307603455e+02
    6.000  348.000 2.9368345642e+02
    6.000  354.000 2.9457212830e+02
    0.000    0.000 2.9268540955e+02
    0.000    6.000 2.9274009705e+02
    0.000   12.000 2.9415415955e+02
    0.000   18.000 2.9428111267e+02
    0.000   24.000 2.9356040955e+02
    0.000   30.000 2.9416001892e+02
    0.000   36.000 2.9364634705e+02
    0.000   42.000 2.9373716736e+02
    0.000   48.000 2.9287388611e+02
    0.000   54.000 2.9131724548e+02
    0.000   60.000 2.9137095642e+02
    0.000   66.000 2.9167076111e+02
    0.000   72.000 2.9165708923e+02
    0.000   78.000 2.9117369080e+02
    0.000   84.000 2.9128306580e+02
    0.000   90.000 2.9147740173e+02
    0.000   96.000 2.9137974548e+02
    0.000  102.000 2.9056138611e+02
    0.000  108.000 2.9089439392e+02
    0.000  114.000 2.9085044861e+02
    0.000  120.000 2.9045689392e+02
    0.000  126.000 2.9067759705e+02
    0.000  132.000 2.9080845642e+02
    0.000  138.000 2.9099888611e+02
    0.000  144.000 2.9106822205e+02
    0.000  150.000 2.9136216736e+02
    0.000  156.000 2.9199888611e+02
    0.000  162.000 2.9215806580e+02
    0.000  168.000 2.9184849548e+02
    0.000  174.000 2.9244224548e+02
    0.000  180.000 2.9201744080e+02
    0.000  186.000 2.9243150330e+02
    0.000  192.000 2.9180845642e+02
    0.000  198.000 2.9146177673e+02
    0.000  204.000 2.9235630798e+02
    0.000  210.000 2.9157017517e+02
    0.000  216.000 2.9139439392e+02
    0.000  222.000 2.9139341736e+02
    0.000  228.000 2.9121080017e+02
    0.000  234.000 2.9116001892e+02
    0.000  240.000 2.9122740173e+02
    0.000  246.000 2.9051548767e+02
    0.000  252.000 2.9052427673e+02
    0.000  258.000 2.9050474548e+02
    0.000  264.000 2.9089830017e+02
    0.000  270.000 2.9115318298e+02
    0.000  276.000 2.9115122986e+02
    0.000  282.000 2.9262095642e+02
    0.000  288.000 2.9262388611e+02
    0.000  294.000 2.9304966736e+02
    0.000  300.000 2.9167466736e+02
    0.000  306.000 2.8973033142e+02
    0.000  312.000 2.9067564392e+02
    0.000  318.000 2.9094029236e+02
    0.000  324.000 2.9148619080e+02
    0.000  330.000 2.9153013611e+02
    0.000  336.000 2.9161021423e+02
    0.000  342.000 2.9205259705e+02
    0.000  348.000 2.9190513611e+02
    0.000  354.000 2.9253013611e+02
   -6.000    0.000 2.9230552673e+02
   -6.000    6.000 2.9233287048e+02
   -6.000   12.000 2.9353990173e+02
   -6.000   18.000 2.9333482361e+02
   -6.000   24.000 2.9248814392e+02
   -6.000   30.000 2.9290318298e+02
   -6.000   36.000 2.9300474548e+02
   -6.000   42.000 2.9262583923e+02
   -6.000   48.000 2.9223033142e+02
   -6.000   54.000 2.9129673767e+02
   -6.000   60.000 2.9134263611e+02
   -6.000   66.000 2.9132505798e+02
   -6.000   72.000 2.9115708923e+02
   -6.000   78.000 2.9138169861e+02
   -6.000   84.000 2.9152915955e+02
   -6.000   90.000 2.9126158142e+02
   -6.000   96.000 2.9124107361e+02
   -6.000  102.000 2.9111412048e+02
   -6.000  108.000 2.9079966736e+02
   -6.000  114.000 2.9117076111e+02
   -6.000  120.000 2.9117271423e+02
   -6.000  126.000 2.9130552673e+02
   -6.000  132.000 2.9165415955e+02
   -6.000  138.000 2.9137876892e+02
   -6.000  144.000 2.9165122986e+02
   -6.000  150.000 2.9188658142e+02
   -6.000  156.000 2.9184458923e+02
   -6.000  162.000 2.9197544861e+02
   -6.000  168.000 2.9178306580e+02
   -6.000  174.000 2.9207603455e+02
   -6.000  180.000 2.9216587830e+02
   -6.000  186.000 2.9215513611e+02
   -6.000  192.000 2.9161705017e+02
   -6.000  198.000 2.9151060486e+02
   -6.000  204.000 2.9188560486e+02
   -6.000  210.000 2.9168638611e+02
   -6.000  216.000 2.9140513611e+02
   -6.000  222.000 2.9164146423e+02
   -6.000  228.000 2.9210435486e+02
   -6.000  234.000 2.9274888611e+02
   -6.000  240.000 2.9253990173e+02
   -6.000  246.000 2.9173521423e+02
   -6.000  252.000 2.9141978455e+02
   -6.000  258.000 2.9072642517e+02
   -6.000  264.000 2.9254087830e+02
   -6.000  270.000 2.9271763611e+02
   -6.000  276.000 2.9128013611e+02
   -6.000  282.000 2.9218638611e+02
   -6.000  288.000 2.9273326111e+02
   -6.000  294.000 2.9243638611e+02
   -6.000  300.000 2.9189048767e+02
   -6.000  306.000 2.9160240173e+02
   -6.000  312.000 2.9212290955e+02
   -6.000  318.000 2.9211997986e+02
   -6.000  324.000 2.9161314392e+02
   -6.000  330.000 2.9157017517e+02
   -6.000  336.000 2.9180259705e+02
   -6.000  342.000 2.9294419861e+02
   -6.000  348.000 2.9293247986e+02
   -6.000  354.000 2.9265025330e+02
  -12.000    0.000 2.9098716736e+02
  -12.000    6.000 2.9255943298e+02
  -12.000   12.000 2.9310533142e+02
  -12.000   18.000 2.9236802673e+02
  -12.000   24.000 2.9288462830e+02
  -12.000   30.000 2.9241197205e+02
  -12.000   36.000 2.9232505798e+02
  -12.000   42.000 2.9239244080e+02
  -12.000   48.000 2.9140415955e+02
  -12.000   54.000 2.9082115173e+02
  -12.000   60.000 2.9130064392e+02
  -12.000   66.000 2.9126841736e+02
  -12.000   72.000 2.9152622986e+02
  -12.000   78.000 2.9197056580e+02
  -12.000   84.000 2.9183775330e+02
  -12.000   90.000 2.9133970642e+02
  -12.000   96.000 2.9106236267e+02
  -12.000  102.000 2.9070787048e+02
  -12.000  108.000 2.9095201111e+02
  -12.000  114.000 2.9223423767e+02
  -12.000  120.000 2.9206822205e+02
  -12.000  126.000 2.9319810486e+02
  -12.000  132.000 2.9352915955e+02
  -12.000  138.000 2.9214244080e+02
  -12.000  144.000 2.9220005798e+02
  -12.000  150.000 2.9214048767e+02
  -12.000  156.000 2.9168052673e+02
  -12.000  162.000 2.9179283142e+02
  -12.000  168.000 2.9178697205e+02
  -12.000  174.000 2.9139634705e+02
  -12.000  180.000 2.9149986267e+02
  -12.000  186.000 2.9147056580e+02
  -12.000  192.000 2.9157115173e+02
  -12.000  198.000 2.9123033142e+02
  -12.000  204.000 2.9113267517e+02
  -12.000  210.000 2.9159849548e+02
  -12.000  216.000 2.9095689392e+02
  -12.000  222.000 2.9088169861e+02
  -12.000  228.000 2.9144908142e+02
  -12.000  234.000 2.9212095642e+02
  -12.000  240.000 2.9160142517e+02
  -12.000  246.000 2.9110533142e+02
  -12.000  252.000 2.9002037048e+02
  -12.000  258.000 2.8957896423e+02
  -12.000  264.000 2.9226158142e+02
  -12.000  270.000 2.9223130798e+02
  -12.000  276.000 2.9024790955e+02
  -12.000  282.000 2.9041392517e+02
  -12.000  288.000 2.9264244080e+02
  -12.000  294.000 2.9311509705e+02
  -12.000  300.000 2.9274693298e+02
  -12.000  306.000 2.9259849548e+02
  -12.000  312.000 2.9311314392e+02
  -12.000  318.000 2.9254087830e+02
  -12.000  324.000 2.9066099548e+02
  -12.000  330.000 2.9052818298e+02
  -12.000  336.000 2.9045982361e+02
  -12.000  342.000 2.9191099548e+02
  -12.000  348.000 2.9090611267e+02
  -12.000  354.000 2.8985142517e+02
  -18.000    0.000 2.8544615173e+02
  -18.000    6.000 2.8837095642e+02
  -18.000   12.000 2.9277037048e+02
  -18.000   18.000 2.9325083923e+02
  -18.000   24.000 2.9374986267e+02
  -18.000   30.000 2.9211802673e+02
  -18.000   36.000 2.9178208923e+02
  -18.000   42.000 2.9242759705e+02
  -18.000   48.000 2.9045103455e+02
  -18.000   54.000 2.8949009705e+02
  -18.000   60.000 2.8954283142e+02
  -18.000   66.000 2.9043931580e+02
  -18.000   72.000 2.9153599548e+02
  -18.000   78.000 2.9205552673e+02
  -18.000   84.000 2.9229283142e+02
  -18.000   90.000 2.9051451111e+02
  -18.000   96.000 2.8834068298e+02
  -18.000  102.000 2.8747642517e+02
  -18.000  108.000 2.9096275330e+02
  -18.000  114.000 2.9445787048e+02
  -18.000  120.000 2.9386900330e+02
  -18.000  126.000 2.9607017517e+02
  -18.000  132.000 2.9546470642e+02
  -18.000  138.000 2.9338755798e+02
  -18.000  144.000 2.9398521423e+02
  -18.000  150.000 2.9265025330e+02
  -18.000  156.000 2.9155259705e+02
  -18.000  162.000 2.9114341736e+02
  -18.000  168.000 2.9033384705e+02
  -18.000  174.000 2.8978306580e+02
  -18.000  180.000 2.8964537048e+02
  -18.000  186.000 2.8986216736e+02
  -18.000  192.000 2.9090806580e+02
  -18.000  198.000 2.9121275330e+02
  -18.000  204.000 2.9120591736e+02
  -18.000  210.000 2.9093443298e+02
  -18.000  216.000 2.9051255798e+02
  -18.000  222.000 2.9013072205e+02
  -18.000  228.000 2.8941001892e+02
  -18.000  234.000 2.8941392517e+02
  -18.000  240.000 2.8846080017e+02
  -18.000  246.000 2.8797935486e+02
  -18.000  252.000 2.8666392517e+02
  -18.000  258.000 2.8652720642e+02
  -18.000  264.000 2.8732408142e+02
  -18.000  270.000 2.8670982361e+02
  -18.000  276.000 2.8851646423e+02
  -18.000  282.000 2.9134947205e+02
  -18.000  288.000 2.9317955017e+02
  -18.000  294.000 2.9276939392e+02
  -18.000  300.000 2.9347837830e+02
  -18.000  306.000 2.9359458923e+02
  -18.000  312.000 2.9362486267e+02
  -18.000  318.000 2.9242466736e+02
  -18.000  324.000 2.8984458923e+02
  -18.000  330.000 2.8957310486e+02
  -18.000  336.000 2.8818638611e+02
  -18.000  342.000 2.8774400330e+02
  -18.000  348.000 2.8587290955e+02
  -18.000  354.000 2.8504966736e+02
  -24.000    0.000 2.8257017517e+02
  -24.000    6.000 2.8370689392e+02
  -24.000   12.000 2.9052037048e+02
  -24.000   18.000 2.9420787048e+02
  -24.000   24.000 2.9461607361e+02
  -24.000   30.000 2.9164439392e+02
  -24.000   36.000 2.9092955017e+02
  -24.000   42.000 2.9119908142e+02
  -24.000   48.000 2.8888658142e+02
  -24.000   54.000 2.8803013611e+02
  -24.000   60.000 2.8784947205e+02
  -24.000   66.000 2.8981529236e+02
  -24.000   72.000 2.9121763611e+02
  -24.000   78.000 2.9149790955e+02
  -24.000   84.000 2.9131822205e+02
  -24.000   90.000 2.8711705017e+02
  -24.000   96.000 2.8445689392e+02
  -24.000  102.000 2.8545103455e+02
  -24.000  108.000 2.9022056580e+02
  -24.000  114.000 2.9398423767e+02
  -24.000  120.000 2.9366685486e+02
  -24.000  126.000 2.9536802673e+02
  -24.000  132.000 2.9355747986e+02
  -24.000  138.000 2.9159263611e+02
  -24.000  144.000 2.9268638611e+02
  -24.000  150.000 2.9157896423e+02
  -24.000  156.000 2.9129478455e+02
  -24.000  162.000 2.9022837830e+02
  -24.000  168.000 2.8810240173e+02
  -24.000  174.000 2.8727037048e+02
  -24.000  180.000 2.8627525330e+02
  -24.000  186.000 2.8647642517e+02
  -24.000  192.000 2.8863755798e+02
  -24.000  198.000 2.9065318298e+02
  -24.000  204.000 2.9154771423e+02
  -24.000  210.000 2.9052818298e+02
  -24.000  216.000 2.8998228455e+02
  -24.000  222.000 2.8931626892e+02
  -24.000  228.000 2.8839439392e+02
  -24.000  234.000 2.8832798767e+02
  -24.000  240.000 2.8703892517e+02
  -24.000  246.000 2.8670298767e+02
  -24.000  252.000 2.8597056580e+02
  -24.000  258.000 2.8565415955e+02
  -24.000  264.000 2.8469908142e+02
  -24.000  270.000 2.8301841736e+02
  -24.000  276.000 2.8666783142e+02
  -24.000  282.000 2.9321665955e+02
  -24.000  288.000 2.9480455017e+02
  -24.000  294.000 2.9208775330e+02
  -24.000  300.000 2.9319615173e+02
  -24.000  306.000 2.9348130798e+02
  -24.000  312.000 2.9325669861e+02
  -24.000  318.000 2.9317662048e+02
  -24.000  324.000 2.9047642517e+02
  -24.000  330.000 2.8941392517e+02
  -24.000  336.000 2.8818736267e+02
  -24.000  342.000 2.8682310486e+02
  -24.000  348.000 2.8541587830e+02
  -24.000  354.000 2.8487388611e+02
  -30.000    0.000 2.8562193298e+02
  -30.000    6.000 2.8583287048e+02
  -30.000   12.000 2.8867271423e+02
  -30.000   18.000 2.9287779236e+02
  -30.000   24.000 2.9424595642e+02
  -30.000   30.000 2.9042271423e+02
  -30.000   36.000 2.8856626892e+02
  -30.000   42.000 2.8827915955e+02
  -30.000   48.000 2.8683872986e+02
  -30.000   54.000 2.8624205017e+02
  -30.000   60.000 2.8538169861e+02
  -30.000   66.000 2.8696665955e+02
  -30.000   72.000 2.8867076111e+02
  -30.000   78.000 2.8924302673e+02
  -30.000   84.000 2.8819908142e+02
  -30.000   90.000 2.8346958923e+02
  -30.000   96.000 2.8293540955e+02
  -30.000  102.000 2.8640904236e+02
  -30.000  108.000 2.8965415955e+02
  -30.000  114.000 2.9102232361e+02
  -30.000  120.000 2.8848033142e+02
  -30.000  126.000 2.8619810486e+02
  -30.000  132.000 2.8520201111e+02
  -30.000  138.000 2.8608482361e+02
  -30.000  144.000 2.8677134705e+02
  -30.000  150.000 2.8631529236e+02
  -30.000  156.000 2.8813755798e+02
  -30.000  162.000 2.8851158142e+02
  -30.000  168.000 2.8685826111e+02
  -30.000  174.000 2.8553599548e+02
  -30.000  180.000 2.8431138611e+02
  -30.000  186.000 2.8492564392e+02
  -30.000  192.000 2.8655650330e+02
  -30.000  198.000 2.8864537048e+02
  -30.000  204.000 2.9070298767e+02
  -30.000  210.000 2.9016001892e+02
  -30.000  216.000 2.8945494080e+02
  -30.000  222.000 2.8897740173e+02
  -30.000  228.000 2.8797544861e+02
  -30.000  234.000 2.8721177673e+02
  -30.000  240.000 2.8622251892e+02
  -30.000  246.000 2.8627622986e+02
  -30.000  252.000 2.8555943298e+02
  -30.000  258.000 2.8458677673e+02
  -30.000  264.000 2.8351646423e+02
  -30.000  270.000 2.8079478455e+02
  -30.000  276.000 2.8189244080e+02
  -30.000  282.000 2.9012681580e+02
  -30.000  288.000 2.9519712830e+02
  -30.000  294.000 2.9263267517e+02
  -30.000  300.000 2.9161509705e+02
  -30.000  306.000 2.9010630798e+02
  -30.000  312.000 2.8856236267e+02
  -30.000  318.000 2.9034751892e+02
  -30.000  324.000 2.9095494080e+02
  -30.000  330.000 2.9008384705e+02
  -30.000  336.000 2.8861216736e+02
  -30.000  342.000 2.8731431580e+02
  -30.000  348.000 2.8600083923e+02
  -30.000  354.000 2.8577232361e+02
  -36.000    0.000 2.8687876892e+02
  -36.000    6.000 2.8629283142e+02
  -36.000   12.000 2.8528208923e+02
  -36.000   18.000 2.8809556580e+02
  -36.000   24.000 2.8982701111e+02
  -36.000   30.000 2.8549790955e+02
  -36.000   36.000 2.8186119080e+02
  -36.000   42.000 2.8205357361e+02
  -36.000   48.000 2.8279478455e+02
  -36.000   54.000 2.8090122986e+02
  -36.000   60.000 2.7741392517e+02
  -36.000   66.000 2.7816099548e+02
  -36.000   72.000 2.8109654236e+02
  -36.000   78.000 2.8349302673e+02
  -36.000   84.000 2.8501158142e+02
  -36.000   90.000 2.8321372986e+02
  -36.000   96.000 2.8211607361e+02
  -36.000  102.000 2.8370787048e+02
  -36.000  108.000 2.8577427673e+02
  -36.000  114.000 2.8623814392e+02
  -36.000  120.000 2.8246763611e+02
  -36.000  126.000 2.7820591736e+02
  -36.000  132.000 2.7842759705e+02
  -36.000  138.000 2.8091294861e+02
  -36.000  144.000 2.8108872986e+02
  -36.000  150.000 2.8115904236e+02
  -36.000  156.000 2.8407701111e+02
  -36.000  162.000 2.8633189392e+02
  -36.000  168.000 2.8654966736e+02
  -36.000  174.000 2.8568736267e+02
  -36.000  180.000 2.8465122986e+02
  -36.000  186.000 2.8487974548e+02
  -36.000  192.000 2.8568052673e+02
  -36.000  198.000 2.8736705017e+02
  -36.000  204.000 2.8895494080e+02
  -36.000  210.000 2.8848521423e+02
  -36.000  216.000 2.8800376892e+02
  -36.000  222.000 2.8663560486e+02
  -36.000  228.000 2.8360630798e+02
  -36.000  234.000 2.8219908142e+02
  -36.000  240.000 2.8298033142e+02
  -36.000  246.000 2.8450279236e+02
  -36.000  252.000 2.8466978455e+02
  -36.000  258.000 2.8325669861e+02
  -36.000  264.000 2.8205357361e+02
  -36.000  270.000 2.8072544861e+02
  -36.000  276.000 2.8120005798e+02
  -36.000  282.000 2.8741099548e+02
  -36.000  288.000 2.9183091736e+02
  -36.000  294.000 2.8776451111e+02
  -36.000  300.000 2.8429087830e+02
  -36.000  306.000 2.8447447205e+02
  -36.000  312.000 2.8435142517e+02
  -36.000  318.000 2.8550767517e+02
  -36.000  324.000 2.8850767517e+02
  -36.000  330.000 2.9002232361e+02
  -36.000  336.000 2.8891490173e+02
  -36.000  342.000 2.8797740173e+02
  -36.000  348.000 2.8696763611e+02
  -36.000  354.000 2.8617076111e+02
  -42.000    0.000 2.7976548767e+02
  -42.000    6.000 2.7761997986e+02
  -42.000   12.000 2.7698228455e+02
  -42.000   18.000 2.7963462830e+02
  -42.000   24.000 2.8233872986e+02
  -42.000   30.000 2.8076353455e+02
  -42.000   36.000 2.7795884705e+02
  -42.000   42.000 2.7817369080e+02
  -42.000   48.000 2.7925376892e+02
  -42.000   54.000 2.7611509705e+02
  -42.000   60.000 2.7106431580e+02
  -42.000   66.000 2.7029185486e+02
  -42.000   72.000 2.7178892517e+02
  -42.000   78.000 2.7362974548e+02
  -42.000   84.000 2.7742759705e+02
  -42.000   90.000 2.8018345642e+02
  -42.000   96.000 2.8073326111e+02
  -42.000  102.000 2.8158189392e+02
  -42.000  108.000 2.8239537048e+02
  -42.000  114.000 2.8110435486e+02
  -42.000  120.000 2.7786997986e+02
  -42.000  126.000 2.7573912048e+02
  -42.000  132.000 2.7618736267e+02
  -42.000  138.000 2.7683091736e+02
  -42.000  144.000 2.7642759705e+02
  -42.000  150.000 2.7784654236e+02
  -42.000  156.000 2.8209654236e+02
  -42.000  162.000 2.8549302673e+02
  -42.000  168.000 2.8560044861e+02
  -42.000  174.000 2.8382017517e+02
  -42.000  180.000 2.8300669861e+02
  -42.000  186.000 2.8398130798e+02
  -42.000  192.000 2.8518247986e+02
  -42.000  198.000 2.8601744080e+02
  -42.000  204.000 2.8633580017e+02
  -42.000  210.000 2.8604966736e+02
  -42.000  216.000 2.8465220642e+02
  -42.000  222.000 2.8019419861e+02
  -42.000  228.000 2.7522544861e+02
  -42.000  234.000 2.7437779236e+02
  -42.000  240.000 2.7642271423e+02
  -42.000  246.000 2.7932798767e+02
  -42.000  252.000 2.8222740173e+02
  -42.000  258.000 2.8311314392e+02
  -42.000  264.000 2.8297642517e+02
  -42.000  270.000 2.8269517517e+02
  -42.000  276.000 2.8114341736e+02
  -42.000  282.000 2.8131040955e+02
  -42.000  288.000 2.8259556580e+02
  -42.000  294.000 2.7952818298e+02
  -42.000  300.000 2.7616099548e+02
  -42.000  306.000 2.7809263611e+02
  -42.000  312.000 2.8076939392e+02
  -42.000  318.000 2.8111607361e+02
  -42.000  324.000 2.8260435486e+02
  -42.000  330.000 2.8517076111e+02
  -42.000  336.000 2.8635240173e+02
  -42.000  342.000 2.8711412048e+02
  -42.000  348.000 2.8645982361e+02
  -42.000  354.000 2.8308482361e+02
  -48.000    0.000 2.6876451111e+02
  -48.000    6.000 2.6853990173e+02
  -48.000   12.000 2.7030650330e+02
  -48.000   18.000 2.7229576111e+02
  -48.000   24.000 2.7463365173e+02
  -48.000   30.000 2.7665904236e+02
  -48.000   36.000 2.7749497986e+02
  -48.000   42.000 2.7758580017e+02
  -48.000   48.000 2.7632310486e+02
  -48.000   54.000 2.7218247986e+02
  -48.000   60.000 2.6776646423e+02
  -48.000   66.000 2.6670396423e+02
  -48.000   72.000 2.6723326111e+02
  -48.000   78.000 2.6771665955e+02
  -48.000   84.000 2.6962583923e+02
  -48.000   90.000 2.7235826111e+02
  -48.000   96.000 2.7501451111e+02
  -48.000  102.000 2.7820884705e+02
  -48.000  108.000 2.8044029236e+02
  -48.000  114.000 2.7958872986e+02
  -48.000  120.000 2.7654576111e+02
  -48.000  126.000 2.7363365173e+02
  -48.000  132.000 2.7211607361e+02
  -48.000  138.000 2.7208970642e+02
  -48.000  144.000 2.7321470642e+02
  -48.000  150.000 2.7567662048e+02
  -48.000  156.000 2.7932896423e+02
  -48.000  162.000 2.8187779236e+02
  -48.000  168.000 2.8115611267e+02
  -48.000  174.000 2.7900962830e+02
  -48.000  180.000 2.7902720642e+02
  -48.000  186.000 2.8107896423e+02
  -48.000  192.000 2.8250962830e+02
  -48.000  198.000 2.8294322205e+02
  -48.000  204.000 2.8331529236e+02
  -48.000  210.000 2.8247056580e+02
  -48.000  216.000 2.7817466736e+02
  -48.000  222.000 2.7172642517e+02
  -48.000  228.000 2.6828404236e+02
  -48.000  234.000 2.6918833923e+02
  -48.000  240.000 2.7091392517e+02
  -48.000  246.000 2.7308091736e+02
  -48.000  252.000 2.7675962830e+02
  -48.000  258.000 2.8010142517e+02
  -48.000  264.000 2.8280357361e+02
  -48.000  270.000 2.8424302673e+02
  -48.000  276.000 2.8118345642e+02
  -48.000  282.000 2.7615806580e+02
  -48.000  288.000 2.7451353455e+02
  -48.000  294.000 2.7441490173e+02
  -48.000  300.000 2.7366978455e+02
  -48.000  306.000 2.7479576111e+02
  -48.000  312.000 2.7708872986e+02
  -48.000  318.000 2.7737290955e+02
  -48.000  324.000 2.7646275330e+02
  -48.000  330.000 2.7621665955e+02
  -48.000  336.000 2.7679185486e+02
  -48.000  342.000 2.7781626892e+02
  -48.000  348.000 2.7690025330e+02
  -48.000  354.000 2.7262974548e+02
  -54.000    0.000 2.6392173767e+02
  -54.000    6.000 2.6606236267e+02
  -54.000   12.000 2.6877915955e+02
  -54.000   18.000 2.6985826111e+02
  -54.000   24.000 2.7051744080e+02
  -54.000   30.000 2.7208091736e+02
  -54.000   36.000 2.7351744080e+02
  -54.000   42.000 2.7356236267e+02
  -54.000   48.000 2.7188560486e+02
  -54.000   54.000 2.6868443298e+02
  -54.000   60.000 2.6548619080e+02
  -54.000   66.000 2.6416783142e+02
  -54.000   72.000 2.6469517517e+02
  -54.000   78.000 2.6607505798e+02
  -54.000   84.000 2.6767271423e+02
  -54.000   90.000 2.6883970642e+02
  -54.000   96.000 2.6984068298e+02
  -54.000  102.000 2.7190415955e+02
  -54.000  108.000 2.7482212830e+02
  -54.000  114.000 2.7644322205e+02
  -54.000  120.000 2.7497837830e+02
  -54.000  126.000 2.7117076111e+02
  -54.000  132.000 2.6821470642e+02
  -54.000  138.000 2.6847544861e+02
  -54.000  144.000 2.7077622986e+02
  -54.000  150.000 2.7285044861e+02
  -54.000  156.000 2.7445201111e+02
  -54.000  162.000 2.7577818298e+02
  -54.000  168.000 2.7597740173e+02
  -54.000  174.000 2.7526939392e+02
  -54.000  180.000 2.7532212830e+02
  -54.000  186.000 2.7668540955e+02
  -54.000  192.000 2.7865708923e+02
  -54.000  198.000 2.8072544861e+02
  -54.000  204.000 2.8155650330e+02
  -54.000  210.000 2.7868052673e+02
  -54.000  216.000 2.7216197205e+02
  -54.000  222.000 2.6654673767e+02
  -54.000  228.000 2.6571763611e+02
  -54.000  234.000 2.6778404236e+02
  -54.000  240.000 2.6918540955e+02
  -54.000  246.000 2.7024888611e+02
  -54.000  252.000 2.7224107361e+02
  -54.000  258.000 2.7467271423e+02
  -54.000  264.000 2.7775767517e+02
  -54.000  270.000 2.8061802673e+02
  -54.000  276.000 2.7964634705e+02
  -54.000  282.000 2.7491294861e+02
  -54.000  288.000 2.7146372986e+02
  -54.000  294.000 2.7139341736e+02
  -54.000  300.000 2.7249986267e+02
  -54.000  306.000 2.7350083923e+02
  -54.000  312.000 2.7426255798e+02
  -54.000  318.000 2.7398228455e+02
  -54.000  324.000 2.7235923767e+02
  -54.000  330.000 2.7027037048e+02
  -54.000  336.000 2.6886216736e+02
  -54.000  342.000 2.6826646423e+02
  -54.000  348.000 2.6704673767e+02
  -54.000  354.000 2.6476451111e+02
  -60.000    0.000 2.6513365173e+02
  -60.000    6.000 2.6670982361e+02
  -60.000   12.000 2.6781822205e+02
  -60.000   18.000 2.6829087830e+02
  -60.000   24.000 2.6888560486e+02
  -60.000   30.000 2.6982115173e+02
  -60.000   36.000 2.7023326111e+02
  -60.000   42.000 2.6947251892e+02
  -60.000   48.000 2.6775083923e+02
  -60.000   54.000 2.6551451111e+02
  -60.000   60.000 2.6330747986e+02
  -60.000   66.000 2.6206138611e+02
  -60.000   72.000 2.6265708923e+02
  -60.000   78.000 2.6504283142e+02
  -60.000   84.000 2.6786802673e+02
  -60.000   90.000 2.6938462830e+02
  -60.000   96.000 2.6920005798e+02
  -60.000  102.000 2.6873033142e+02
  -60.000  108.000 2.6934458923e+02
  -60.000  114.000 2.7045591736e+02
  -60.000  120.000 2.7024790955e+02
  -60.000  126.000 2.6833482361e+02
  -60.000  132.000 2.6666587830e+02
  -60.000  138.000 2.6704380798e+02
  -60.000  144.000 2.6885337830e+02
  -60.000  150.000 2.7041783142e+02
  -60.000  156.000 2.7126451111e+02
  -60.000  162.000 2.7165318298e+02
  -60.000  168.000 2.7131431580e+02
  -60.000  174.000 2.7020396423e+02
  -60.000  180.000 2.6949888611e+02
  -60.000  186.000 2.7066978455e+02
  -60.000  192.000 2.7383872986e+02
  -60.000  198.000 2.7711900330e+02
  -60.000  204.000 2.7754869080e+02
  -60.000  210.000 2.7366880798e+02
  -60.000  216.000 2.6767662048e+02
  -60.000  222.000 2.6376158142e+02
  -60.000  228.000 2.6372740173e+02
  -60.000  234.000 2.6573716736e+02
  -60.000  240.000 2.6766880798e+02
  -60.000  246.000 2.6930357361e+02
  -60.000  252.000 2.7079673767e+02
  -60.000  258.000 2.7197056580e+02
  -60.000  264.000 2.7336900330e+02
  -60.000  270.000 2.7516587830e+02
  -60.000  276.000 2.7582212830e+02
  -60.000  282.000 2.7434068298e+02
  -60.000  288.000 2.7212876892e+02
  -60.000  294.000 2.7075083923e+02
  -60.000  300.000 2.6995298767e+02
  -60.000  306.000 2.6905259705e+02
  -60.000  312.000 2.6827037048e+02
  -60.000  318.000 2.6792759705e+02
  -60.000  324.000 2.6755357361e+02
  -60.000  330.000 2.6648814392e+02
  -60.000  336.000 2.6492173767e+02
  -60.000  342.000 2.6373130798e+02
  -60.000  348.000 2.6341001892e+02
  -60.000  354.000 2.6390513611e+02
  -66.000    0.000 2.6397447205e+02
  -66.000    6.000 2.6480455017e+02
  -66.000   12.000 2.6470005798e+02
  -66.000   18.000 2.6432017517e+02
  -66.000   24.000 2.6416001892e+02
  -66.000   30.000 2.6394615173e+02
  -66.000   36.000 2.6308287048e+02
  -66.000   42.000 2.6157798767e+02
  -66.000   48.000 2.6019029236e+02
  -66.000   54.000 2.5968540955e+02
  -66.000   60.000 2.6022740173e+02
  -66.000   66.000 2.6149107361e+02
  -66.000   72.000 2.6303501892e+02
  -66.000   78.000 2.6440415955e+02
  -66.000   84.000 2.6512583923e+02
  -66.000   90.000 2.6496275330e+02
  -66.000   96.000 2.6431822205e+02
  -66.000  102.000 2.6408287048e+02
  -66.000  108.000 2.6472935486e+02
  -66.000  114.000 2.6560337830e+02
  -66.000  120.000 2.6545396423e+02
  -66.000  126.000 2.6383775330e+02
  -66.000  132.000 2.6173716736e+02
  -66.000  138.000 2.6062095642e+02
  -66.000  144.000 2.6112779236e+02
  -66.000  150.000 2.6279869080e+02
  -66.000  156.000 2.6466392517e+02
  -66.000  162.000 2.6576841736e+02
  -66.000  168.000 2.6559556580e+02
  -66.000  174.000 2.6454869080e+02
  -66.000  180.000 2.6393443298e+02
  -66.000  186.000 2.6493247986e+02
  -66.000  192.000 2.6733872986e+02
  -66.000  198.000 2.6942271423e+02
  -66.000  204.000 2.6932017517e+02
  -66.000  210.000 2.6680845642e+02
  -66.000  216.000 2.6367466736e+02
  -66.000  222.000 2.6211607361e+02
  -66.000  228.000 2.6285826111e+02
  -66.000  234.000 2.6502915955e+02
  -66.000  240.000 2.6746372986e+02
  -66.000  246.000 2.6951255798e+02
  -66.000  252.000 2.7084165955e+02
  -66.000  258.000 2.7137681580e+02
  -66.000  264.000 2.7152134705e+02
  -66.000  270.000 2.7174302673e+02
  -66.000  276.000 2.7191099548e+02
  -66.000  282.000 2.7150279236e+02
  -66.000  288.000 2.7031724548e+02
  -66.000  294.000 2.6860044861e+02
  -66.000  300.000 2.6674888611e+02
  -66.000  306.000 2.6524497986e+02
  -66.000  312.000 2.6453990173e+02
  -66.000  318.000 2.6455650330e+02
  -66.000  324.000 2.6447740173e+02
  -66.000  330.000 2.6348912048e+02
  -66.000  336.000 2.6178599548e+02
  -66.000  342.000 2.6054966736e+02
  -66.000  348.000 2.6077915955e+02
  -66.000  354.000 2.6229771423e+02
  -72.000    0.000 2.5912486267e+02
  -72.000    6.000 2.5913853455e+02
  -72.000   12.000 2.5830259705e+02
  -72.000   18.000 2.5683482361e+02
  -72.000   24.000 2.5509263611e+02
  -72.000   30.000 2.5334751892e+02
  -72.000   36.000 2.5187193298e+02
  -72.000   42.000 2.5110630798e+02
  -72.000   48.000 2.5157212830e+02
  -72.000   54.000 2.5347837830e+02
  -72.000   60.000 2.5642564392e+02
  -72.000   66.000 2.5948912048e+02
  -72.000   72.000 2.6166880798e+02
  -72.000   78.000 2.6238951111e+02
  -72.000   84.000 2.6174107361e+02
  -72.000   90.000 2.6036705017e+02
  -72.000   96.000 2.5907701111e+02
  -72.000  102.000 2.5835435486e+02
  -72.000  108.000 2.5803501892e+02
  -72.000  114.000 2.5741099548e+02
  -72.000  120.000 2.5578111267e+02
  -72.000  126.000 2.5308287048e+02
  -72.000  132.000 2.5009361267e+02
  -72.000  138.000 2.4800181580e+02
  -72.000  144.000 2.4767662048e+02
  -72.000  150.000 2.4916880798e+02
  -72.000  156.000 2.5174205017e+02
  -72.000  162.000 2.5435142517e+02
  -72.000  168.000 2.5624790955e+02
  -72.000  174.000 2.5734654236e+02
  -72.000  180.000 2.5810826111e+02
  -72.000  186.000 2.5904478455e+02
  -72.000  192.000 2.6024009705e+02
  -72.000  198.000 2.6133970642e+02
  -72.000  204.000 2.6199107361e+02
  -72.000  210.000 2.6228306580e+02
  -72.000  216.000 2.6272837830e+02
  -72.000  222.000 2.6379478455e+02
  -72.000  228.000 2.6548423767e+02
  -72.000  234.000 2.6734263611e+02
  -72.000  240.000 2.6882212830e+02
  -72.000  246.000 2.6958580017e+02
  -72.000  252.000 2.6959751892e+02
  -72.000  258.000 2.6908091736e+02
  -72.000  264.000 2.6840708923e+02
  -72.000  270.000 2.6790318298e+02
  -72.000  276.000 2.6765513611e+02
  -72.000  282.000 2.6750083923e+02
  -72.000  288.000 2.6721568298e+02
  -72.000  294.000 2.6670689392e+02
  -72.000  300.000 2.6607310486e+02
  -72.000  306.000 2.6548326111e+02
  -72.000  312.000 2.6497642517e+02
  -72.000  318.000 2.6433580017e+02
  -72.000  324.000 2.6321958923e+02
  -72.000  330.000 2.6152720642e+02
  -72.000  336.000 2.5965513611e+02
  -72.000  342.000 2.5832017517e+02
  -72.000  348.000 2.5799888611e+02
  -72.000  354.000 2.5850767517e+02
  -78.000    0.000 2.5296470642e+02
  -78.000    6.000 2.5272447205e+02
  -78.000   12.000 2.5224107361e+02
  -78.000   18.000 2.5151548767e+02
  -78.000   24.000 2.5068150330e+02
  -78.000   30.000 2.4995982361e+02
  -78.000   36.000 2.4959751892e+02
  -78.000   42.000 2.4980943298e+02
  -78.000   48.000 2.5068931580e+02
  -78.000   54.000 2.5213853455e+02
  -78.000   60.000 2.5383287048e+02
  -78.000   66.000 2.5531529236e+02
  -78.000   72.000 2.5615708923e+02
  -78.000   78.000 2.5613267517e+02
  -78.000   84.000 2.5529380798e+02
  -78.000   90.000 2.5391978455e+02
  -78.000   96.000 2.5235142517e+02
  -78.000  102.000 2.5082212830e+02
  -78.000  108.000 2.4938853455e+02
  -78.000  114.000 2.4798130798e+02
  -78.000  120.000 2.4656431580e+02
  -78.000  126.000 2.4526841736e+02
  -78.000  132.000 2.4441099548e+02
  -78.000  138.000 2.4437290955e+02
  -78.000  144.000 2.4540122986e+02
  -78.000  150.000 2.4746080017e+02
  -78.000  156.000 2.5022837830e+02
  -78.000  162.000 2.5322740173e+02
  -78.000  168.000 2.5601255798e+02
  -78.000  174.000 2.5831822205e+02
  -78.000  180.000 2.6008189392e+02
  -78.000  186.000 2.6137681580e+02
  -78.000  192.000 2.6231822205e+02
  -78.000  198.000 2.6300962830e+02
  -78.000  204.000 2.6353990173e+02
  -78.000  210.000 2.6399888611e+02
  -78.000  216.000 2.6445591736e+02
  -78.000  222.000 2.6491783142e+02
  -78.000  228.000 2.6531529236e+02
  -78.000  234.000 2.6552818298e+02
  -78.000  240.000 2.6546275330e+02
  -78.000  246.000 2.6511119080e+02
  -78.000  252.000 2.6456626892e+02
  -78.000  258.000 2.6398716736e+02
  -78.000  264.000 2.6353404236e+02
  -78.000  270.000 2.6330162048e+02
  -78.000  276.000 2.6327915955e+02
  -78.000  282.000 2.6336802673e+02
  -78.000  288.000 2.6342076111e+02
  -78.000  294.000 2.6330357361e+02
  -78.000  300.000 2.6292759705e+02
  -78.000  306.000 2.6224986267e+02
  -78.000  312.000 2.6125083923e+02
  -78.000  318.000 2.5994126892e+02
  -78.000  324.000 2.5838853455e+02
  -78.000  330.000 2.5674595642e+02
  -78.000  336.000 2.5524302673e+02
  -78.000  342.000 2.5409947205e+02
  -78.000  348.000 2.5341587830e+02
  -78.000  354.000 2.5311216736e+02
  -84.000    0.000 2.4765513611e+02
  -84.000    6.000 2.4740904236e+02
  -84.000   12.000 2.4720494080e+02
  -84.000   18.000 2.4703111267e+02
  -84.000   24.000 2.4689634705e+02
  -84.000   30.000 2.4682115173e+02
  -84.000   36.000 2.4683287048e+02
  -84.000   42.000 2.4694322205e+02
  -84.000   48.000 2.4714537048e+02
  -84.000   54.000 2.4740415955e+02
  -84.000   60.000 2.4766099548e+02
  -84.000   66.000 2.4785240173e+02
  -84.000   72.000 2.4792857361e+02
  -84.000   78.000 2.4786900330e+02
  -84.000   84.000 2.4769224548e+02
  -84.000   90.000 2.4744908142e+02
  -84.000   96.000 2.4720591736e+02
  -84.000  102.000 2.4703208923e+02
  -84.000  108.000 2.4698619080e+02
  -84.000  114.000 2.4711900330e+02
  -84.000  120.000 2.4747251892e+02
  -84.000  126.000 2.4808775330e+02
  -84.000  132.000 2.4899888611e+02
  -84.000  138.000 2.5021861267e+02
  -84.000  144.000 2.5172837830e+02
  -84.000  150.000 2.5346958923e+02
  -84.000  156.000 2.5534165955e+02
  -84.000  162.000 2.5722447205e+02
  -84.000  168.000 2.5899497986e+02
  -84.000  174.000 2.6055650330e+02
  -84.000  180.000 2.6184361267e+02
  -84.000  186.000 2.6282994080e+02
  -84.000  192.000 2.6352134705e+02
  -84.000  198.000 2.6394322205e+02
  -84.000  204.000 2.6412876892e+02
  -84.000  210.000 2.6411509705e+02
  -84.000  216.000 2.6392857361e+02
  -84.000  222.000 2.6359361267e+02
  -84.000  228.000 2.6312779236e+02
  -84.000  234.000 2.6254869080e+02
  -84.000  240.000 2.6188267517e+02
  -84.000  246.000 2.6116099548e+02
  -84.000  252.000 2.6042173767e+02
  -84.000  258.000 2.5970201111e+02
  -84.000  264.000 2.5902720642e+02
  -84.000  270.000 2.5840513611e+02
  -84.000  276.000 2.5782310486e+02
  -84.000  282.000 2.5725376892e+02
  -84.000  288.000 2.5665708923e+02
  -84.000  294.000 2.5599790955e+02
  -84.000  300.000 2.5524986267e+02
  -84.000  306.000 2.5440513611e+02
  -84.000  312.000 2.5347349548e+02
  -84.000  318.000 2.5248716736e+02
  -84.000  324.000 2.5149107361e+02
  -84.000  330.000 2.5054087830e+02
  -84.000  336.000 2.4968833923e+02
  -84.000  342.000 2.4897056580e+02
  -84.000  348.000 2.4840318298e+02
  -84.000  354.000 2.4797447205e+02
  -90.000    0.000 2.4577525330e+02
  -90.000    6.000 2.4577525330e+02
  -90.000   12.000 2.4577525330e+02
  -90.000   18.000 2.4577525330e+02
  -90.000   24.000 2.4577525330e+02
  -90.000   30.000 2.4577525330e+02
  -90.000   36.000 2.4577525330e+02
  -90.000   42.000 2.4577525330e+02
  -90.000   48.000 2.4577525330e+02
  -90.000   54.000 2.4577525330e+02
  -90.000   60.000 2.4577525330e+02
  -90.000   66.000 2.4577525330e+02
  -90.000   72.000 2.4577525330e+02
  -90.000   78.000 2.4577525330e+02
  -90.000   84.000 2.4577525330e+02
  -90.000   90.000 2.4577525330e+02
  -90.000   96.000 2.4577525330e+02
  -90.000  102.000 2.4577525330e+02
  -90.000  108.000 2.4577525330e+02
  -90.000  114.000 2.4577525330e+02
  -90.000  120.000 2.4577525330e+02
  -90.000  126.000 2.4577525330e+02
  -90.000  132.000 2.4577525330e+02
  -90.000  138.000 2.4577525330e+02
  -90.000  144.000 2.4577525330e+02
  -90.000  150.000 2.4577525330e+02
  -90.000  156.000 2.4577525330e+02
  -90.000  162.000 2.4577525330e+02
  -90.000  168.000 2.4577525330e+02
  -90.000  174.000 2.4577525330e+02
  -90.000  180.000 2.4577525330e+02
  -90.000  186.000 2.4577525330e+02
  -90.000  192.000 2.4577525330e+02
  -90.000  198.000 2.4577525330e+02
  -90.000  204.000 2.4577525330e+02
  -90.000  210.000 2.4577525330e+02
  -90.000  216.000 2.4577525330e+02
  -90.000  222.000 2.4577525330e+02
  -90.000  228.000 2.4577525330e+02
  -90.000  234.000 2.4577525330e+02
  -90.000  240.000 2.4577525330e+02
  -90.000  246.000 2.4577525330e+02
  -90.000  252.000 2.4577525330e+02
  -90.000  258.000 2.4577525330e+02
  -90.000  264.000 2.4577525330e+02
  -90.000  270.000 2.4577525330e+02
  -90.000  276.000 2.4577525330e+02
  -90.000  282.000 2.4577525330e+02
  -90.000  288.000 2.4577525330e+02
  -90.000  294.000 2.4577525330e+02
  -90.000  300.000 2.4577525330e+02
  -90.000  306.000 2.4577525330e+02
  -90.000  312.000 2.4577525330e+02
  -90.000  318.000 2.4577525330e+02
  -90.000  324.000 2.4577525330e+02
  -90.000  330.000 2.4577525330e+02
  -90.000  336.000 2.4577525330e+02
  -90.000  342.000 2.4577525330e+02
  -90.000  348.000 2.4577525330e+02
  -90.000  354.000 2.4577525330e+02
